map_path = .
map_name = dust_map.fits
sigma_beam = 0
mask_path = .
mask_name = mask_apod.fits
make_a_mask = False
n_holes = 4
hole_ratio = 20
l_file = /home/nponthieu/Soft/Data/dust_l.fits
cl_signal_file = /home/nponthieu/Soft/Data/dust_clt.fits
include_noise = True
noise_map = /home/nponthieu/Soft/Data/dust_noise.fits
cl_noise_file = /home/nponthieu/Soft/Data/dust_clnoise.fits
beta = 3
dll = 0.1
nmc = 20
remove_1st_bin = True
keep_avg = True
include_pix_window_function = False
bypass_mtt_bb = False
scale = 1.5
apod_length = 0
kernel_type = edges_sincos
directory = .
outparfile = poker.par
input_bintab = l_bins_reduce_units.fits
map_l_file = ('map_l.fits',)
map_l_beta_file = map_l_beta.fits
file_mtt_bb = mbb.fits
file_mtt_bb_m1 = mbb_m1.fits
mask_file = mask.fits
beam_a_file = beam_a.fits
beam_b_file = beam_b.fits
params_poker_file = poker.par
date = 2024-02-08 18:02:32.619611
res = 0.0005817764173314432 rad
l_max = 5400.0 1 / rad
l_min = 72.0 1 / rad
dl_min = 216.0 1 / rad
l = [   0.          184.911935    390.9817226   606.39011544  821.04698639
 1037.63244784 1256.54224384 1474.13175493 1686.78161301 1902.10121654
 2118.83346607 2342.3100358  2580.47480529 2840.97691402 3126.16097423
 3432.87097446 3773.77045167 4153.99255475 4569.77239062 5097.20755966] 1 / rad
l_bins = [   0.           71.28        288.          504.          720.
  936.         1152.         1368.         1584.         1800.
 2016.         2232.         2455.2        2700.72       2970.792
 3267.8712     3594.65832    3954.124152   4349.5365672  4784.49022392
 5400.        ] 1 / rad
nx = 100
ny = 100
nx_large = 150
ny_large = 150
iy0 = 25
ix0 = 25
map_l_power_beta = [[       0.           373248.          2985984.         ...
  10077696.          2985984.           373248.        ]
 [  373248.          1055704.76745727  4173039.50232921 ...
  11803138.12102527  4173039.50232921  1055704.76745727]
 [ 2985984.          4173039.50232921  8445638.13965813 ...
  17494942.43203698  8445638.13965813  4173039.50232921]
 ...
 [10077696.         11803138.12102527 17494942.43203698 ...
  28504028.72134619 17494942.43203698 11803138.12102527]
 [ 2985984.          4173039.50232921  8445638.13965813 ...
  17494942.43203698  8445638.13965813  4173039.50232921]
 [  373248.          1055704.76745727  4173039.50232921 ...
  11803138.12102527  4173039.50232921  1055704.76745727]] 1 / rad3
l_map = [[  0.          72.         144.         ... 216.         144.
   72.        ]
 [ 72.         101.82337649 160.99689438 ... 227.68399153 160.99689438
  101.82337649]
 [144.         160.99689438 203.64675298 ... 259.59969183 203.64675298
  160.99689438]
 ...
 [216.         227.68399153 259.59969183 ... 305.47012947 259.59969183
  227.68399153]
 [144.         160.99689438 203.64675298 ... 259.59969183 203.64675298
  160.99689438]
 [ 72.         101.82337649 160.99689438 ... 227.68399153 160.99689438
  101.82337649]] 1 / rad
patch = [[0. 0. 0. ... 0. 0. 0.]
 [0. 0. 0. ... 0. 0. 0.]
 [0. 0. 0. ... 0. 0. 0.]
 ...
 [0. 0. 0. ... 0. 0. 0.]
 [0. 0. 0. ... 0. 0. 0.]
 [0. 0. 0. ... 0. 0. 0.]]
a_beam = [[0. 0. 0. ... 0. 0. 0.]
 [0. 0. 0. ... 0. 0. 0.]
 [0. 0. 0. ... 0. 0. 0.]
 ...
 [0. 0. 0. ... 0. 0. 0.]
 [0. 0. 0. ... 0. 0. 0.]
 [0. 0. 0. ... 0. 0. 0.]]
a_pkg = [1. 1. 1. 1. 1. 1. 1. 1. 1. 1. 1. 1. 1. 1. 1. 1. 1. 1. 1. 1.]
